year,debt,gdp,inflation
1791,38.61396233,5.95533499,-0.65327253
1792,36.52665184,7.25995316,2.55458515
1793,31.37096191,8.07860262,5.14233242
1794,26.04760884,13.13131313,9.60714286
1795,22.04267686,6.42857143,15.17644512
1796,20.01572667,3.18791946,4.56140351
1797,19.32403149,1.95121951,-1.9138756
1798,19.1240658,4.3062201,-4.12844037
1799,18.85824872,7.03363914,0.26480836
1800,17.29959392,5.71428571,3.19410319
1801,15.82600632,4.86486486,1.32087629
1802,17.12326364,3.09278351,-14.41176471
1803,18.00565018,1.75,4.83210483
1804,15.53059443,3.80835381,6.36587771
1805,13.52201262,5.32544379,0.31799873
1806,11.34727847,4.71910112,4.01977315
1807,11.24074448,0.10729614,-5.01994272
1808,8.90987376,0.21436227,10.10879587
1809,7.81959081,7.70053476,-1.34682224
1810,6.85794111,5.56107249,-2.48187704
1811,5.94864972,4.51552211,3.88067378
1812,7.17472148,3.96039604,-1.27819549
1813,8.48831732,5.71428571,16.42411642
1814,9.33024861,4.17690418,6.98948506
1815,13.84075367,0.78616352,-14.68937262
1816,15.24592162,0,-11.95652174
1817,13.61403077,2.3400936,-8.31827763
1818,13.08625319,3.65853659,-7.3374613
1819,12.64105085,1.91176471,-3.2200676
1820,12.85534681,3.96825397,-6.48854962
1821,12.81461328,5.34351145,-1.00414079
1822,11.35948466,3.82081686,5.55594187
1823,12.03597037,3.61675127,-9.5223515
1824,11.17179103,5.93998775,-5.60693642
1825,10.00667407,4.45086705,3.39789707
1826,8.60318107,3.54178196,2.54105879
1827,7.41483999,3.09994655,2.63240382
1828,6.56420378,1.34784863,-3.49849639
1829,5.27884853,3.83631714,-0.44833121
1830,3.87358333,9.16256158,0.56800345
1831,2.33867646,8.25812274,-4.88446093
1832,0.62515168,6.75281367,0.88006488
1833,0.41392018,3.08473253,-0.39400703
1834,0.00278786,1.70454545,3.45397134
1835,0.00282053,5.2886406,4.39621478
1836,0.0230793,2.97134772,6.60677802
1837,0.21481325,0.89316386,4.54568775
1838,0.66039374,4.15389854,-1.49441928
1839,0.21656629,2.54985289,1.83376846
1840,0.33659459,0.28689831,-5.72501878
1841,0.82893175,2.25683408,2.80799917
1842,1.26257664,3.17065589,-5.43728275
1843,2.11244658,4.97137692,-7.71293772
1844,1.38826346,5.68312285,3.16903506
1845,0.8655056,6.32808256,2.39603407
1846,0.76226485,8.12260536,2.54059717
1847,1.6245412,6.80368533,9.69365185
1848,1.96020259,3.36208803,-2.84792814
1849,2.62757745,1.3909694,-1.37188687
1850,2.47862397,4.66441537,1.9130201
1851,2.52980726,8.04597701,-2.38530585
1852,2.17760992,11.53415454,0.94898111
1853,1.82326578,8.18273092,-0.26621077
1854,1.14788648,3.44934261,8.45416618
1855,0.90322225,4.17165072,2.7776911
1856,0.79732015,4.01894646,-2.15566182
1857,0.69323265,0.51055609,2.71746499
1858,1.10893533,4.04997254,-5.98163117
1859,1.33554424,7.2436997,0.84335812
1860,1.49062731,1.02116142,-1.68884707
1861,1.96914943,1.77810255,3.89968352
1862,9.0531332,12.42072514,11.96295439
1863,14.69517242,7.69558276,22.20205718
1864,19.19433796,1.13658826,22.75179909
1865,27.13206346,2.86328545,1.53257875
1866,30.84801083,-4.58863766,-4.63200545
1867,32.11182379,1.71263567,-8.79231125
1868,32.04524971,3.89623103,-5.9428609
1869,32.97391355,2.72307547,-6.23429258
1870,32.05003137,3.00862227,-4.2810942
1871,31.00410188,4.71950134,-6.35744608
1872,27.37850946,8.41836735,0.01271022
1873,25.53694849,8.47058824,-1.98416987
1874,26.55295364,1.8076645,-4.80649351
1875,27.35642809,-0.14204545,-3.63670523
1876,26.23820779,4.12517781,-2.1963396
1877,25.88381916,4.9863388,-2.34245999
1878,26.923698,3.18802863,-4.68195892
1879,25.10221669,11.66456494,0.02681764
1880,20.38860933,8.30039526,2.59529603
1881,17.83632388,12.51303441,-0.86618664
1882,15.723877,5.32900834,-0.14867181
1883,15.31846933,2.72767268,-1.85733844
1884,15.51295698,-1.62740899,-2.47795817
1885,16.0686627,0.34828037,-2.03610427
1886,14.54969683,8.11279826,-2.71973764
1887,12.65345491,7.26324238,0.10610047
1888,12.17884162,5.76131687,0.32672944
1889,11.64786275,2.86522816,-2.78541953
1890,10.2790742,9.73177442,-1.00124225
1891,10.03893891,1.15951113,0.8177618
1892,9.68575698,5.11152416,1.31477718
1893,10.03886809,-5.80607132,-0.30945694
1894,11.57626693,-4.72465582,-3.90122193
1895,10.74436528,11.39573071,-0.67994781
1896,11.41832467,-1.6509434,1.02687081
1897,11.22020164,4.31654676,0.19132369
1898,9.92559114,10.94827586,0.70313774
1899,10.21501183,6.83760684,0.83977901
1900,10.37359753,2.4969697,3.06746234
1901,9.61133154,5.32166509,2.78267733
1902,8.95688982,5.14260049,2.78588162
1903,8.50372503,2.90474156,4.43530399
1904,8.80935247,-3.52843504,2.85704318
1905,7.89796897,11.27366609,0.70869483
1906,7.53923174,4.09899459,3.40050768
1907,7.24834236,2.56315007,6.62195792
1908,8.72693113,-10.81130025,-0.44640103
1909,8.19734857,7.2284264,-0.23471594
1910,7.94211329,1.07934103,2.61909804
1911,8.06297553,3.2409142,-0.52915399
1912,7.66944886,4.681546,4.16153089
1913,7.45832459,3.95215809,0.57073992
1914,7.97945005,-7.67050192,1.10569815
1915,7.90216246,2.72710854,3.21267557
1916,7.27670214,13.87130802,12.55282556
1917,9.57750466,-2.47027945,23.41151246
1918,19.25087258,9.02327054,16.45970037
1919,34.98208188,0.79860607,2.47974358
1920,29.35798236,-0.93632959,13.9662053
1921,32.57805782,-2.29751345,-14.78423785
1922,31.28526118,5.56630451,-5.53021503
1923,26.17061752,13.15381362,2.82355505
1924,24.45433025,3.08995764,-1.29354729
1925,22.64480562,2.34469422,1.86924524
1926,20.27163706,6.53046764,0.39723353
1927,19.38419574,0.96441636,-2.38619198
1928,18.074223,1.15283267,0.82716035
1929,16.3427495,6.04580484,0.30147184
1930,17.74705025,-8.61821904,-3.66691576
1931,21.96245947,-6.48521505,-10.3012652
1932,33.19761916,-13.06743323,-11.73385419
1933,39.96218539,-1.29512262,-2.65752385
1934,40.9896082,10.88777219,5.5312721
1935,39.15537875,8.88721047,1.99600631
1936,40.30852446,13.05202312,1.1257383
1937,39.63505303,5.12322323,4.32126009
1938,43.1646229,-3.44357977,-2.96989891
1939,43.86066422,8.07979045,-0.92062106
1940,42.37429096,8.77143922,1.10954568
1941,38.64360184,17.07087154,6.73081074
1942,44.73282589,18.45399312,7.87493036
1943,68.82985414,16.37004079,5.41228047
1944,91.44831084,8.0771069,2.40348418
1945,116.0009809,-1.12028302,2.60533916
1946,121.2520698,-10.94215862,11.88375336
1947,105.8117096,-0.89833724,10.85180868
1948,93.7540864,4.39727493,5.59825848
1949,94.59968558,-0.51235034,-0.19470446
1950,87.62592862,8.74396921,1.07932005
1951,75.22015232,7.73180459,7.23485737
1952,72.31514898,3.83138217,1.70312869
1953,70.14792028,4.60359196,1.20207953
1954,71.30904288,-0.63053851,0.92638765
1955,66.16209858,7.19859372,1.69613295
1956,62.35729622,1.97576291,3.43029902
1957,58.66995704,2.01592344,3.33522237
1958,59.14880517,-0.90346392,2.24668535
1959,56.19935,7.17333954,1.17555321
1960,54.3941415,2.4760181,1.39778158
1961,53.0416554,2.33141404,1.1375067
1962,50.91357738,6.05820014,1.36636488
1963,49.50787196,4.37117563,1.06298108
1964,46.97301074,5.78788162,1.53658505
1965,44.12097052,6.42042272,1.82582365
1966,40.6128079,6.51505498,2.83964311
1967,39.19040579,2.52776116,3.06940098
1968,38.20382572,4.84210526,4.25049549
1969,35.93257353,3.10640151,4.9397542
1970,35.72365472,0.19006054,5.27532964
1971,35.33277817,3.35839247,4.99732583
1972,34.51494151,5.31121836,4.31916145
1973,33.143428,5.79426383,5.5491218
1974,31.68121479,-0.55114907,9.07981498
1975,32.55718386,-0.21268329,9.44918559
1976,34.00378165,5.36530382,5.73912146
1977,34.42392,4.59805886,6.37170874
1978,33.63606243,5.57673355,7.02121965
1979,32.25817657,3.12455967,8.31668779
1980,32.55625695,-0.27327071,9.11482079
1981,31.91297812,2.53810584,9.3720787
1982,35.10494283,-1.94247728,6.10350808
1983,38.9636734,4.51889829,3.95243965
1984,39.99760869,7.18522864,3.75685133
1985,43.22710136,4.13860212,3.02707065
1986,47.65145662,3.46312762,2.21247445
1987,49.62158793,3.20045156,2.90161211
1988,51.0222279,4.11031955,3.43370589
1989,52.12292662,3.57241361,3.77640437
1990,55.74197831,1.87676739,3.8588051
1991,61.16892828,-0.23400839,3.5454686
1992,64.08748649,3.39359459,2.37032784
1993,66.16505509,2.85141968,2.21142404
1994,66.23313259,4.07466504,2.10583975
1995,67.08272622,2.51389406,2.08424928
1996,66.65574969,3.7410515,1.90341373
1997,64.96502822,4.45626941,1.76598402
1998,62.84406674,4.35545904,1.12917979
1999,60.47223929,4.82617786,1.47116152
2000,57.01832096,4.13922336,2.16451138
2001,56.45878373,1.07963656,2.25928346
2002,58.52340157,1.81366328,1.61889526
2003,60.87928723,2.49026227,2.15248836
2004,62.17709008,3.57326847,2.83844127
2005,62.76672412,3.05451818,3.33675997
2006,63.48997326,2.67280668,3.25769486
2007,63.98548763,2.14161311,2.8625994
2008,74.09106096,0.4381663,2.13653268
2009,83.48283471,-2.73016994,1.55940138
